30954
28153
33764
418131
34068
93178
386605
373100
1658659
1808616
1246922
1658613
1704282
1726649
1658252
1658261
1658412
1658237
1658219
1658235
1706851
1252083
1246833
1246684
1246686
1246795
1246839
1780025
1808621
1773140
1773142
1773151
1808612
1808618
1773152
1246687
1246895
1780028
1780027
1780026
1673908
1673907
1658744
1637813
1398597
6854
6853
39168
70781
6856
330101
14325
42378
59715
380705
380706
66978
380710
935649
371788
123341
27633
87783
27634
27631
87781
30696
66155
87782
467342
549584
354332
354335
1826296
354334
354731
33354
338666
214880
329732
53811
33356
58598
1276
2594
2595
1949
1274
1275
10887
35034
1107
1598
1272
1593
1273
1594
56449
7228
1756
1759
1761
1760
47828
43348
44779
8588
8583
8574
31983
8575
8592
32002
8581
3188
3191
19267
3190
3192
136103
117184
9155
9152
9156
20576
9154
32154
20577
1799965
3032
3035
3795
3034
3794
26473
3037
29806
29805
47710
47702
114422
47707
47703
30919
15369
18372
104126
15371
15367
15370
18373
1239
1244
1240
1241
1243
1245
1242
1246
1777059
1807505
1880381
1777058
1779240
1785580
1818923
1901880
1901879
1901881
1901878
1912124
1912122
22105
22104
22107
141528
141520
22106
108021
573068
562572
573065
572760
562590
1700141
574478
1022936
3036
852393
1826563
1826562
14264
14259
14263
14261
26798
15405
14266
18374
53718
